1762018848710 1.60574419349432 10
1762018864990 1.7656119927763938 20
1762018880552 1.508112870901823 30
1762018895543 1.5497437685728073 40
1762018911319 1.6002985827624798 50
1762018928516 1.6526846319437027 60
1762018946064 1.5468371652066708 70
1762018961423 1.4772495582699776 80
1762018976722 1.523013611137867 90
1762018992109 1.366308231651783 100
1762019007471 1.275360456109047 110
1762019022899 1.3298400968313218 120
1762019038345 1.2976570338010789 130
1762019053809 1.2188931167125703 140
1762019069298 1.1014494232833385 150
1762019084743 1.1944834135472775 160
1762019100189 1.0635938450694085 170
1762019115788 1.0991503804922105 180
1762019131312 1.0245884634554385 190
1762019148425 1.0347497560083867 200
1762019164837 1.0699687354266643 210
1762019182125 1.1051562644541264 220
1762019198948 1.211439137160778 230
1762019215851 1.0116805829107762 240
1762019231178 0.9966414093971252 250
1762019246707 1.0462795317173004 260
1762019262293 0.9792317524552345 270
1762019277884 0.9553617857396602 280
1762019293575 0.9212347485125065 290
1762019309100 0.9313532799482346 300
1762019324227 0.8903356447815896 310
1762019339412 0.8970277078449727 320
1762019354610 0.8785680048167706 330
1762019369957 0.9945971630513668 340
1762019385097 0.9572686269879341 350
1762019400370 0.9197326928377152 360
1762019415561 0.913597522675991 370
1762019430825 0.8988493539392948 380
1762019446012 0.8859595932066441 390
1762019461401 0.8992367334663868 400
1762019477222 0.8314562052488327 410
1762019494034 0.9630645029246807 420
1762019510947 0.8558311194181443 430
1762019527806 0.8877183310687542 440
1762019544416 0.8843885481357574 450
1762019560805 0.9026669174432754 460
1762019577012 0.8615775518119335 470
1762019593030 0.8643567554652691 480
1762019609188 0.8600425735116005 490
1762019625395 0.8280116654932499 500
1762019641479 0.8677488293498754 510
1762019657666 0.8673733294010162 520
1762019673758 0.8621647633612156 530
1762019689896 0.8053342215716839 540
1762019705843 0.8586112141609192 550
1762019721893 0.8661417692899704 560
1762019738154 0.8397144787013531 570
1762019754431 0.8089871302247047 580
1762019770704 0.828958060592413 590
1762019787032 0.8193147271871567 600
1762019801901 0.854303865134716 610
1762019817380 0.835273115336895 620
1762019833211 0.851460936665535 630
1762019848629 0.932952331751585 640
1762019864144 0.8365278452634811 650
1762019879709 0.8406449094414711 660
1762019894821 0.9193891689181328 670
1762019911112 0.8252769641578197 680
1762019928719 0.8262324012815953 690
1762019945751 0.8335439018905163 700
1762019961881 0.7941506400704383 710
1762019979149 0.826080672442913 720
1762019997049 0.8419942788779735 730
1762020015142 0.8428121998906135 740
1762020031865 0.8088869221508503 750
1762020049034 0.8957040920853615 760
1762020064790 0.833405590057373 770
1762020080263 0.7944164350628853 780
1762020095591 0.8430995151400567 790
1762020110854 0.82191803753376 800
1762020126225 0.8258796915411949 810
1762020141557 0.7840406566858291 820
1762020156624 0.788720341026783 830
1762020171967 0.9161834344267845 840
1762020187190 0.8125593349337578 850
1762020202287 0.8504745587706566 860
1762020217583 0.8285032518208026 870
1762020232811 0.8089496962726116 880
1762020248248 0.8681910336017609 890
1762020265392 0.7473776265978813 900
1762020281679 0.8214895576238632 910
1762020297951 0.8462902307510376 920
1762020314761 0.8646487206220627 930
1762020330771 0.8528557226061821 940
1762020346919 0.8892037034034729 950
1762020363181 0.844476018846035 960
1762020379383 0.7865212902426719 970
1762020395353 0.7747385777533055 980
1762020411475 0.8600083224475383 990
1762020427735 0.8007429093122482 1000
1762020444001 0.8270873367786408 1010
1762020460061 0.8088525399565697 1020
1762020476245 0.7960085369646549 1030
1762020492251 0.795754860341549 1040
1762020508389 0.8571471542119979 1050
1762020524427 0.8286336459219455 1060
1762020540439 0.8039751127362251 1070
1762020556659 0.7775755368173123 1080
1762020574056 0.7912424586713314 1090
1762020589582 0.8212439112365246 1100
1762020605021 0.8101112827658653 1110
1762020620382 0.769734812527895 1120
1762020635493 0.8266571030020714 1130
1762020650794 0.78555269241333 1140
1762020656813 0.9690821298531124 1144
