1762018848710 0.00874508089199825 10
1762018864990 0.0174901617839965 20
1762018880552 0.026235242675994752 30
1762018895543 0.034980323567993 40
1762018911319 0.043725404459991256 50
1762018928516 0.052470485351989504 60
1762018946064 0.06121556624398776 70
1762018961423 0.069960647135986 80
1762018976722 0.07870572802798426 90
1762018992109 0.08745080891998251 100
1762019007471 0.09619588981198077 110
1762019022899 0.10494097070397901 120
1762019038345 0.11368605159597726 130
1762019053809 0.12243113248797552 140
1762019069298 0.13117621337997376 150
1762019084743 0.139921294271972 160
1762019100189 0.14866637516397027 170
1762019115788 0.1574114560559685 180
1762019131312 0.16615653694796678 190
1762019148425 0.17490161783996502 200
1762019164837 0.18364669873196326 210
1762019182125 0.19239177962396153 220
1762019198948 0.20113686051595978 230
1762019215851 0.20988194140795802 240
1762019231178 0.2186270222999563 250
1762019246707 0.22737210319195453 260
1762019262293 0.23611718408395277 270
1762019277884 0.24486226497595104 280
1762019293575 0.25360734586794925 290
1762019309100 0.2623524267599475 300
1762019324227 0.2710975076519458 310
1762019339412 0.279842588543944 320
1762019354610 0.2885876694359423 330
1762019369957 0.29733275032794054 340
1762019385097 0.3060778312199388 350
1762019400370 0.314822912111937 360
1762019415561 0.3235679930039353 370
1762019430825 0.33231307389593356 380
1762019446012 0.3410581547879318 390
1762019461401 0.34980323567993005 400
1762019477222 0.3585483165719283 410
1762019494034 0.36729339746392653 420
1762019510947 0.3760384783559248 430
1762019527806 0.38478355924792307 440
1762019544416 0.3935286401399213 450
1762019560805 0.40227372103191955 460
1762019577012 0.4110188019239178 470
1762019593030 0.41976388281591603 480
1762019609188 0.4285089637079143 490
1762019625395 0.4372540445999126 500
1762019641479 0.4459991254919108 510
1762019657666 0.45474420638390906 520
1762019673758 0.4634892872759073 530
1762019689896 0.47223436816790554 540
1762019705843 0.4809794490599038 550
1762019721893 0.4897245299519021 560
1762019738154 0.4984696108439003 570
1762019754431 0.5072146917358985 580
1762019770704 0.5159597726278968 590
1762019787032 0.524704853519895 600
1762019801901 0.5334499344118933 610
1762019817380 0.5421950153038916 620
1762019833211 0.5509400961958898 630
1762019848629 0.559685177087888 640
1762019864144 0.5684302579798863 650
1762019879709 0.5771753388718845 660
1762019894821 0.5859204197638828 670
1762019911112 0.5946655006558811 680
1762019928719 0.6034105815478793 690
1762019945751 0.6121556624398776 700
1762019961881 0.6209007433318758 710
1762019979149 0.629645824223874 720
1762019997049 0.6383909051158724 730
1762020015142 0.6471359860078706 740
1762020031865 0.6558810668998688 750
1762020049034 0.6646261477918671 760
1762020064790 0.6733712286838653 770
1762020080263 0.6821163095758636 780
1762020095591 0.6908613904678619 790
1762020110854 0.6996064713598601 800
1762020126225 0.7083515522518583 810
1762020141557 0.7170966331438566 820
1762020156624 0.7258417140358548 830
1762020171967 0.7345867949278531 840
1762020187190 0.7433318758198514 850
1762020202287 0.7520769567118496 860
1762020217583 0.7608220376038478 870
1762020232811 0.7695671184958461 880
1762020248248 0.7783121993878444 890
1762020265392 0.7870572802798426 900
1762020281679 0.7958023611718409 910
1762020297951 0.8045474420638391 920
1762020314761 0.8132925229558373 930
1762020330771 0.8220376038478356 940
1762020346919 0.8307826847398339 950
1762020363181 0.8395277656318321 960
1762020379383 0.8482728465238304 970
1762020395353 0.8570179274158286 980
1762020411475 0.8657630083078268 990
1762020427735 0.8745080891998251 1000
1762020444001 0.8832531700918234 1010
1762020460061 0.8919982509838216 1020
1762020476245 0.9007433318758199 1030
1762020492251 0.9094884127678181 1040
1762020508389 0.9182334936598163 1050
1762020524427 0.9269785745518146 1060
1762020540439 0.9357236554438129 1070
1762020556659 0.9444687363358111 1080
1762020574056 0.9532138172278094 1090
1762020589582 0.9619588981198076 1100
1762020605021 0.9707039790118058 1110
1762020620382 0.9794490599038042 1120
1762020635493 0.9881941407958024 1130
1762020650794 0.9969392216878006 1140
1762020656813 1.0 1144
