1762018848710 6.038605690002441 10
1762018864990 1.358188271522522 20
1762018880552 1.121799111366272 30
1762018895543 1.1957083940505981 40
1762018911319 6.7788310050964355 50
1762018928516 0.7550990581512451 60
1762018946064 2.101979970932007 70
1762018961423 0.7886037826538086 80
1762018976722 0.9596353769302368 90
1762018992109 0.644637942314148 100
1762019007471 1.021988034248352 110
1762019022899 1.2683016061782837 120
1762019038345 0.9375326037406921 130
1762019053809 1.3670352697372437 140
1762019069298 0.9892081022262573 150
1762019084743 1.3909066915512085 160
1762019100189 1.158778429031372 170
1762019115788 1.0943235158920288 180
1762019131312 0.5235133171081543 190
1762019148425 1.1684690713882446 200
1762019164837 0.8873815536499023 210
1762019182125 0.870934247970581 220
1762019198948 1.3996467590332031 230
1762019215851 0.7816252708435059 240
1762019231178 0.9345493316650391 250
1762019246707 1.0183067321777344 260
1762019262293 0.9546228647232056 270
1762019277884 0.8239956498146057 280
1762019293575 1.2153624296188354 290
1762019309100 0.7279682755470276 300
1762019324227 1.065524697303772 310
1762019339412 0.9126103520393372 320
1762019354610 1.0031837224960327 330
1762019369957 1.0169057846069336 340
1762019385097 0.7118567824363708 350
1762019400370 0.9346789717674255 360
1762019415561 1.227621078491211 370
1762019430825 0.737446129322052 380
1762019446012 0.6046175956726074 390
1762019461401 0.953469455242157 400
1762019477222 0.7088397741317749 410
1762019494034 0.7321508526802063 420
1762019510947 1.321616530418396 430
1762019527806 1.0725823640823364 440
1762019544416 0.7099876999855042 450
1762019560805 0.9393978118896484 460
1762019577012 0.7282567024230957 470
1762019593030 1.008899211883545 480
1762019609188 0.9045448899269104 490
1762019625395 1.0346678495407104 500
1762019641479 0.829505443572998 510
1762019657666 0.6424822807312012 520
1762019673758 0.9255486130714417 530
1762019689896 0.7005492448806763 540
1762019705843 0.6233015656471252 550
1762019721893 0.9891180396080017 560
1762019738154 0.9236502647399902 570
1762019754431 0.8198211193084717 580
1762019770704 0.7932785749435425 590
1762019787032 0.5595991015434265 600
1762019801901 0.993257999420166 610
1762019817380 0.6159041523933411 620
1762019833211 0.7473377585411072 630
1762019848629 0.8362098336219788 640
1762019864144 1.0138330459594727 650
1762019879709 0.7090083956718445 660
1762019894821 1.1234099864959717 670
1762019911112 0.9407918453216553 680
1762019928719 0.7691940069198608 690
1762019945751 0.6512240767478943 700
1762019961881 0.6293332576751709 710
1762019979149 1.1985820531845093 720
1762019997049 0.7065696120262146 730
1762020015142 1.0855457782745361 740
1762020031865 0.9810864925384521 750
1762020049034 0.6374911665916443 760
1762020064790 0.982860267162323 770
1762020080263 0.6859985589981079 780
1762020095591 0.8705435991287231 790
1762020110854 0.888573169708252 800
1762020126225 0.6480556130409241 810
1762020141557 0.5952439904212952 820
1762020156624 1.531393051147461 830
1762020171967 1.2425074577331543 840
1762020187190 0.6969382166862488 850
1762020202287 0.6693684458732605 860
1762020217583 0.6300786733627319 870
1762020232811 0.7682231664657593 880
1762020248248 0.6676187515258789 890
1762020265392 0.6603102684020996 900
1762020281679 1.2984743118286133 910
1762020297951 1.0427846908569336 920
1762020314761 0.9461210370063782 930
1762020330771 0.6385226249694824 940
1762020346919 0.7030398845672607 950
1762020363181 0.6437998414039612 960
1762020379383 0.7411872148513794 970
1762020395353 0.9070156812667847 980
1762020411475 0.8853660821914673 990
1762020427735 0.8955519199371338 1000
1762020444001 0.8289493322372437 1010
1762020460061 0.573176920413971 1020
1762020476245 0.6662309169769287 1030
1762020492251 0.8930665254592896 1040
1762020508389 0.5537010431289673 1050
1762020524427 0.7747567296028137 1060
1762020540439 0.633281946182251 1070
1762020556659 0.7963585257530212 1080
1762020574056 1.1715747117996216 1090
1762020589582 0.6362417340278625 1100
1762020605021 1.029546856880188 1110
1762020620382 0.8402532935142517 1120
1762020635493 0.6931201815605164 1130
1762020650794 0.8384829759597778 1140
