1762018848710 2.0689655172413796e-06 10
1762018864990 5.517241379310345e-06 20
1762018880552 8.965517241379312e-06 30
1762018895543 1.2413793103448277e-05 40
1762018911319 1.586206896551724e-05 50
1762018928516 1.931034482758621e-05 60
1762018946064 1.999732224591804e-05 70
1762018961423 1.998791016389494e-05 80
1762018976722 1.9969512849775564e-05 90
1762018992109 1.9942773275179e-05 100
1762019007471 1.990771381517008e-05 110
1762019022899 1.9864363806703572e-05 120
1762019038345 1.98127595240757e-05 130
1762019053809 1.9752944148570642e-05 140
1762019069298 1.96849677323274e-05 150
1762019084743 1.960888715645734e-05 160
1762019100189 1.9524766083447345e-05 170
1762019115788 1.943267490388855e-05 180
1762019131312 1.933269067757505e-05 190
1762019148425 1.9224897069022067e-05 200
1762019164837 1.910938427745737e-05 210
1762019182125 1.8986248961344644e-05 220
1762019198948 1.885559415750187e-05 230
1762019215851 1.87175291948825e-05 240
1762019231178 1.8572169603091473e-05 250
1762019246707 1.8419637015712678e-05 260
1762019262293 1.8260059068528763e-05 270
1762019277884 1.809356929271842e-05 280
1762019293575 1.792030700312055e-05 290
1762019309100 1.774041718165879e-05 300
1762019324227 1.7554050356023955e-05 310
1762019339412 1.736136247371591e-05 320
1762019354610 1.7162514771550255e-05 330
1762019369957 1.6957673640739057e-05 340
1762019385097 1.6747010487658472e-05 350
1762019400370 1.6530701590419823e-05 360
1762019415561 1.6308927951364096e-05 370
1762019430825 1.608187514560332e-05 380
1762019446012 1.5849733165735557e-05 390
1762019461401 1.5612696262863434e-05 400
1762019477222 1.537096278404927e-05 410
1762019494034 1.5124735006342773e-05 420
1762019510947 1.4874218967520241e-05 430
1762019527806 1.4619624293676862e-05 440
1762019544416 1.4361164023816377e-05 450
1762019560805 1.4099054431584916e-05 460
1762019577012 1.3833514844298155e-05 470
1762019593030 1.3564767459413238e-05 480
1762019609188 1.3293037158599016e-05 490
1762019625395 1.30185513195602e-05 500
1762019641479 1.2741539625772918e-05 510
1762019657666 1.2462233874290806e-05 520
1762019673758 1.2180867781782545e-05 530
1762019689896 1.1897676788963102e-05 540
1762019705843 1.1612897863582296e-05 550
1762019721893 1.1326769302135632e-05 560
1762019738154 1.1039530530463218e-05 570
1762019754431 1.0751421903403707e-05 580
1762019770704 1.0462684503670856e-05 590
1762019787032 1.0173559940121021e-05 600
1762019801901 9.884290145580395e-06 610
1762019817380 9.59511717440114e-06 620
1762019833211 9.30628299991584e-06 630
1762019848629 9.018029311959761e-06 640
1762019864144 8.7305973146303e-06 650
1762019879709 8.44422752445292e-06 660
1762019894821 8.159159569122417e-06 670
1762019911112 7.875631986987948e-06 680
1762019928719 7.59388202744959e-06 690
1762019945751 7.314145452433457e-06 700
1762019961881 7.036656339111516e-06 710
1762019979149 6.761646884031164e-06 720
1762019997049 6.489347208818451e-06 730
1762020015142 6.219985167617583e-06 740
1762020031865 5.953786156427766e-06 750
1762020049034 5.690972924496984e-06 760
1762020064790 5.431765387930539e-06 770
1762020080263 5.176380445670256e-06 780
1762020095591 4.925031797998428e-06 790
1762020110854 4.677929767718289e-06 800
1762020126225 4.4352811241607154e-06 810
1762020141557 4.197288910164347e-06 820
1762020156624 3.964152272174024e-06 830
1762020171967 3.736066293599551e-06 840
1762020187190 3.513221831574387e-06 850
1762020202287 3.295805357250742e-06 860
1762020217583 3.0839987997647937e-06 870
1762020232811 2.8779793940025324e-06 880
1762020248248 2.6779195322936713e-06 890
1762020265392 2.4839866201576646e-06 900
1762020281679 2.296342936222622e-06 910
1762020297951 2.1151454964342435e-06 920
1762020314761 1.940545922668472e-06 930
1762020330771 1.7726903158577734e-06 940
1762020346919 1.6117191337372073e-06 950
1762020363181 1.4577670733126203e-06 960
1762020379383 1.31096295814925e-06 970
1762020395353 1.1714296305751382e-06 980
1762020411475 1.0392838488894464e-06 990
1762020427735 9.14636189661805e-07 1000
1762020444001 7.975909552043504e-07 1010
1762020460061 6.882460862939522e-07 1020
1762020476245 5.866930802175897e-07 1030
1762020492251 4.930169142095276e-07 1040
1762020508389 4.072959743443017e-07 1050
1762020524427 3.2960198994504864e-07 1060
1762020540439 2.59999973562044e-07 1070
1762020556659 1.985481665716882e-07 1080
1762020574056 1.4529799044145089e-07 1090
1762020589582 1.0029400370156761e-07 1100
1762020605021 6.357386465947302e-08 1110
1762020620382 3.5168299888199695e-08 1120
1762020635493 1.510107851507403e-08 1130
1762020650794 3.388992332259422e-09 1140
