1762018848710 1.6714 10
1762018864990 1.7688 20
1762018880552 1.556 30
1762018895543 1.5914 40
1762018911319 1.623 50
1762018928516 1.6624 60
1762018946064 1.5924 70
1762018961423 1.5206 80
1762018976722 1.5652 90
1762018992109 1.4024 100
1762019007471 1.3298 110
1762019022899 1.3675 120
1762019038345 1.368 130
1762019053809 1.2652 140
1762019069298 1.1489 150
1762019084743 1.2253 160
1762019100189 1.1143 170
1762019115788 1.1279 180
1762019131312 1.0599 190
1762019148425 1.0705 200
1762019164837 1.0947 210
1762019182125 1.1004 220
1762019198948 1.1945 230
1762019215851 1.0151 240
1762019231178 0.9892 250
1762019246707 1.0382 260
1762019262293 1.0036 270
1762019277884 0.96 280
1762019293575 0.9173 290
1762019309100 0.9354 300
1762019324227 0.9034 310
1762019339412 0.887 320
1762019354610 0.8641 330
1762019369957 0.9987 340
1762019385097 0.9476 350
1762019400370 0.9038 360
1762019415561 0.8927 370
1762019430825 0.9024 380
1762019446012 0.8732 390
1762019461401 0.8883 400
1762019477222 0.8409 410
1762019494034 0.9646 420
1762019510947 0.8481 430
1762019527806 0.8716 440
1762019544416 0.8538 450
1762019560805 0.896 460
1762019577012 0.8631 470
1762019593030 0.8581 480
1762019609188 0.8583 490
1762019625395 0.8346 500
1762019641479 0.8818 510
1762019657666 0.8629 520
1762019673758 0.8368 530
1762019689896 0.7873 540
1762019705843 0.8483 550
1762019721893 0.8681 560
1762019738154 0.8403 570
1762019754431 0.7849 580
1762019770704 0.8105 590
1762019787032 0.8215 600
1762019801901 0.8523 610
1762019817380 0.8326 620
1762019833211 0.8498 630
1762019848629 0.9251 640
1762019864144 0.829 650
1762019879709 0.8305 660
1762019894821 0.9184 670
1762019911112 0.8202 680
1762019928719 0.8259 690
1762019945751 0.8385 700
1762019961881 0.7947 710
1762019979149 0.8186 720
1762019997049 0.8272 730
1762020015142 0.8339 740
1762020031865 0.8106 750
1762020049034 0.8822 760
1762020064790 0.8231 770
1762020080263 0.7818 780
1762020095591 0.8476 790
1762020110854 0.8135 800
1762020126225 0.8217 810
1762020141557 0.7712 820
1762020156624 0.766 830
1762020171967 0.9175 840
1762020187190 0.7995 850
1762020202287 0.8485 860
1762020217583 0.8236 870
1762020232811 0.7927 880
1762020248248 0.8591 890
1762020265392 0.733 900
1762020281679 0.7951 910
1762020297951 0.8421 920
1762020314761 0.8556 930
1762020330771 0.8391 940
1762020346919 0.8823 950
1762020363181 0.8474 960
1762020379383 0.7789 970
1762020395353 0.7787 980
1762020411475 0.8657 990
1762020427735 0.795 1000
1762020444001 0.7989 1010
1762020460061 0.801 1020
1762020476245 0.7774 1030
1762020492251 0.7752 1040
1762020508389 0.8655 1050
1762020524427 0.8246 1060
1762020540439 0.8003 1070
1762020556659 0.758 1080
1762020574056 0.7804 1090
1762020589582 0.8173 1100
1762020605021 0.7903 1110
1762020620382 0.7639 1120
1762020635493 0.8063 1130
1762020650794 0.7692 1140
