1762018848710 0.6572200141847133 10
1762018864990 0.6398286439478398 20
1762018880552 0.6782514683902263 30
1762018895543 0.6719762198626995 40
1762018911319 0.6650058515369892 50
1762018928516 0.657095217704773 60
1762018946064 0.6678969524800777 70
1762018961423 0.6770822405815125 80
1762018976722 0.6628634206950664 90
1762018992109 0.697253979742527 100
1762019007471 0.7018139019608498 110
1762019022899 0.6904563523828984 120
1762019038345 0.6938992142677307 130
1762019053809 0.7134742185473442 140
1762019069298 0.7353707984089851 150
1762019084743 0.7158895254135131 160
1762019100189 0.7389595746994019 170
1762019115788 0.73812987357378 180
1762019131312 0.7494109958410263 190
1762019148425 0.7446838900446892 200
1762019164837 0.7391560092568398 210
1762019182125 0.7367960721254349 220
1762019198948 0.7153102412819863 230
1762019215851 0.7561815232038498 240
1762019231178 0.7572107791900635 250
1762019246707 0.7481345072388649 260
1762019262293 0.7592882558703422 270
1762019277884 0.7628663182258606 280
1762019293575 0.7764560714364052 290
1762019309100 0.7691753253340721 300
1762019324227 0.7744116261601448 310
1762019339412 0.7790218487381935 320
1762019354610 0.7801912859082222 330
1762019369957 0.7517079845070839 340
1762019385097 0.7649287074804306 350
1762019400370 0.7700355872511864 360
1762019415561 0.7767999038100243 370
1762019430825 0.7759767845273018 380
1762019446012 0.7766284793615341 390
1762019461401 0.7789234623312951 400
1762019477222 0.7882197454571724 410
1762019494034 0.7622653782367707 420
1762019510947 0.7860921621322632 430
1762019527806 0.7742664724588394 440
1762019544416 0.784714175760746 450
1762019560805 0.7743644744157792 460
1762019577012 0.7803441435098648 470
1762019593030 0.780761080980301 480
1762019609188 0.7787730321288109 490
1762019625395 0.7892158657312394 500
1762019641479 0.778103019297123 510
1762019657666 0.7780596166849136 520
1762019673758 0.7869257986545563 530
1762019689896 0.7952203005552292 540
1762019705843 0.7861154928803444 550
1762019721893 0.784603513777256 560
1762019738154 0.7859178364276886 570
1762019754431 0.7980030030012131 580
1762019770704 0.7944095686078072 590
1762019787032 0.7854697182774544 600
1762019801901 0.7797258242964744 610
1762019817380 0.7885011419653892 620
1762019833211 0.7810407593846321 630
1762019848629 0.770194086432457 640
1762019864144 0.7880651652812958 650
1762019879709 0.7874829724431038 660
1762019894821 0.7682921111583709 670
1762019911112 0.7912242040038109 680
1762019928719 0.7914519339799881 690
1762019945751 0.787269975244999 700
1762019961881 0.7968876212835312 710
1762019979149 0.7920085147023201 720
1762019997049 0.7892241582274437 730
1762020015142 0.7863784149289131 740
1762020031865 0.7915454253554344 750
1762020049034 0.7766390189528465 760
1762020064790 0.7915698543190957 770
1762020080263 0.7988763466477394 780
1762020095591 0.7862357676029206 790
1762020110854 0.790527231991291 800
1762020126225 0.7885039210319519 810
1762020141557 0.7994297266006469 820
1762020156624 0.8039895460009575 830
1762020171967 0.7696711614727973 840
1762020187190 0.7942111924290657 850
1762020202287 0.7852499574422837 860
1762020217583 0.7895835369825364 870
1762020232811 0.7925662085413933 880
1762020248248 0.7840508043766021 890
1762020265392 0.8100901156663894 900
1762020281679 0.794747245311737 910
1762020297951 0.7860773473978042 920
1762020314761 0.7795072704553604 930
1762020330771 0.789687642455101 940
1762020346919 0.7759975999593735 950
1762020363181 0.7845081999897957 960
1762020379383 0.7988800764083862 970
1762020395353 0.8044242829084396 980
1762020411475 0.7806583225727082 990
1762020427735 0.7973435491323471 1000
1762020444001 0.7953986316919327 1010
1762020460061 0.7953274860978127 1020
1762020476245 0.8009092688560486 1030
1762020492251 0.800694315135479 1040
1762020508389 0.7812598288059235 1050
1762020524427 0.790071576833725 1060
1762020540439 0.7941189736127854 1070
1762020556659 0.8054939910769463 1080
1762020574056 0.7997947230935096 1090
1762020589582 0.787643487751484 1100
1762020605021 0.7978484407067299 1110
1762020620382 0.8025251030921936 1120
1762020635493 0.794901604950428 1130
1762020650794 0.8020011380314827 1140
1762020656813 0.7579901346138546 1144
