1762018848710 40870.0 10
1762018864990 80646.0 20
1762018880552 120940.0 30
1762018895543 161481.0 40
1762018911319 202335.0 50
1762018928516 242712.0 60
1762018946064 283530.0 70
1762018961423 324084.0 80
1762018976722 364855.0 90
1762018992109 405490.0 100
1762019007471 446232.0 110
1762019022899 486917.0 120
1762019038345 527668.0 130
1762019053809 568339.0 140
1762019069298 609112.0 150
1762019084743 649650.0 160
1762019100189 690233.0 170
1762019115788 731008.0 180
1762019131312 771728.0 190
1762019148425 812056.0 200
1762019164837 852306.0 210
1762019182125 892735.0 220
1762019198948 933341.0 230
1762019215851 974101.0 240
1762019231178 1013919.0 250
1762019246707 1054409.0 260
1762019262293 1095174.0 270
1762019277884 1135816.0 280
1762019293575 1176325.0 290
1762019309100 1216925.0 300
1762019324227 1257402.0 310
1762019339412 1297696.0 320
1762019354610 1338478.0 330
1762019369957 1379019.0 340
1762019385097 1419482.0 350
1762019400370 1460087.0 360
1762019415561 1500631.0 370
1762019430825 1540937.0 380
1762019446012 1581386.0 390
1762019461401 1622066.0 400
1762019477222 1662610.0 410
1762019494034 1703163.0 420
1762019510947 1743784.0 430
1762019527806 1784479.0 440
1762019544416 1825084.0 450
1762019560805 1865890.0 460
1762019577012 1906487.0 470
1762019593030 1946708.0 480
1762019609188 1987263.0 490
1762019625395 2027937.0 500
1762019641479 2068372.0 510
1762019657666 2109036.0 520
1762019673758 2149467.0 530
1762019689896 2189964.0 540
1762019705843 2230407.0 550
1762019721893 2271068.0 560
1762019738154 2311687.0 570
1762019754431 2352276.0 580
1762019770704 2392869.0 590
1762019787032 2433592.0 600
1762019801901 2473667.0 610
1762019817380 2514387.0 620
1762019833211 2555035.0 630
1762019848629 2595618.0 640
1762019864144 2636054.0 650
1762019879709 2676451.0 660
1762019894821 2716762.0 670
1762019911112 2757157.0 680
1762019928719 2797704.0 690
1762019945751 2838112.0 700
1762019961881 2878320.0 710
1762019979149 2918789.0 720
1762019997049 2959495.0 730
1762020015142 3000251.0 740
1762020031865 3040975.0 750
1762020049034 3081647.0 760
1762020064790 3121845.0 770
1762020080263 3162555.0 780
1762020095591 3203244.0 790
1762020110854 3243802.0 800
1762020126225 3284630.0 810
1762020141557 3325449.0 820
1762020156624 3365498.0 830
1762020171967 3406236.0 840
1762020187190 3446674.0 850
1762020202287 3486766.0 860
1762020217583 3527485.0 870
1762020232811 3568010.0 880
1762020248248 3608362.0 890
1762020265392 3648940.0 900
1762020281679 3689392.0 910
1762020297951 3729843.0 920
1762020314761 3770305.0 930
1762020330771 3810635.0 940
1762020346919 3851049.0 950
1762020363181 3891781.0 960
1762020379383 3932392.0 970
1762020395353 3972465.0 980
1762020411475 4012916.0 990
1762020427735 4053503.0 1000
1762020444001 4094130.0 1010
1762020460061 4134399.0 1020
1762020476245 4175060.0 1030
1762020492251 4215317.0 1040
1762020508389 4255830.0 1050
1762020524427 4296323.0 1060
1762020540439 4336773.0 1070
1762020556659 4376864.0 1080
1762020574056 4417532.0 1090
1762020589582 4458299.0 1100
1762020605021 4499078.0 1110
1762020620382 4539613.0 1120
1762020635493 4579642.0 1130
1762020650794 4620326.0 1140
1762020656813 4634375.0 1144
