1762057695817 1.744843266904354 10
1762057712166 1.714557446539402 20
1762057727691 1.5315522260963916 30
1762057743293 1.7132001720368861 40
1762057758766 1.5750475101172925 50
1762057774178 1.775872139632702 60
1762057789660 1.3849236227571964 70
1762057805165 1.4294805273413658 80
1762057820263 1.3794547468423843 90
1762057835544 1.1947890847921372 100
1762057850631 1.23207066655159 110
1762057866229 1.3052543431520462 120
1762057881839 1.3435453489422797 130
1762057897592 1.1566874444484712 140
1762057913399 1.1267145425081253 150
1762057930624 1.0845149889588357 160
1762057947057 1.050471880286932 170
1762057963642 1.1481200344860554 180
1762057980052 1.1570510223507882 190
1762057996433 1.227695894241333 200
1762058012989 1.0207407109439373 210
1762058029324 0.982949611544609 220
1762058045928 0.9786440275609494 230
1762058062687 1.0112932294607162 240
1762058079034 0.9905930541455745 250
1762058095433 1.0717478200793267 260
1762058112184 1.0495571479201318 270
1762058128435 0.9567797340452671 280
1762058145088 0.9381415218114852 290
1762058162059 0.9489179477095604 300
1762058179245 0.9313542433083057 310
1762058195695 0.8763613052666187 320
1762058210923 0.9589586772024632 330
1762058226109 1.0381672367453576 340
1762058241409 0.9180562071502208 350
1762058256655 0.975098404288292 360
1762058271948 0.9480254173278808 370
1762058287133 0.911805697530508 380
1762058302584 0.9483868554234505 390
1762058318084 0.965930300205946 400
1762058333093 0.9242182493209838 410
1762058348344 1.0266125440597533 420
1762058363627 0.911096316576004 430
1762058378921 0.9098202250897884 440
1762058394094 0.919540211558342 450
1762058409294 0.8972803696990013 460
1762058424324 1.023620718717575 470
1762058439582 0.9427609607577324 480
1762058454724 0.8303018972277642 490
1762058469848 0.8722197763621807 500
1762058485011 0.915568296611309 510
1762058500188 0.920681206882 520
1762058515400 0.9737927407026291 530
1762058530684 0.8671070002019405 540
1762058545983 0.9285038888454438 550
1762058561286 0.9132745504379273 560
1762058576542 0.9233703359961509 570
