1762057695817 0.017543859649122806 10
1762057712166 0.03508771929824561 20
1762057727691 0.05263157894736842 30
1762057743293 0.07017543859649122 40
1762057758766 0.08771929824561403 50
1762057774178 0.10526315789473684 60
1762057789660 0.12280701754385964 70
1762057805165 0.14035087719298245 80
1762057820263 0.15789473684210525 90
1762057835544 0.17543859649122806 100
1762057850631 0.19298245614035087 110
1762057866229 0.21052631578947367 120
1762057881839 0.22807017543859648 130
1762057897592 0.24561403508771928 140
1762057913399 0.2631578947368421 150
1762057930624 0.2807017543859649 160
1762057947057 0.2982456140350877 170
1762057963642 0.3157894736842105 180
1762057980052 0.3333333333333333 190
1762057996433 0.3508771929824561 200
1762058012989 0.3684210526315789 210
1762058029324 0.38596491228070173 220
1762058045928 0.40350877192982454 230
1762058062687 0.42105263157894735 240
1762058079034 0.43859649122807015 250
1762058095433 0.45614035087719296 260
1762058112184 0.47368421052631576 270
1762058128435 0.49122807017543857 280
1762058145088 0.5087719298245614 290
1762058162059 0.5263157894736842 300
1762058179245 0.543859649122807 310
1762058195695 0.5614035087719298 320
1762058210923 0.5789473684210527 330
1762058226109 0.5964912280701754 340
1762058241409 0.6140350877192983 350
1762058256655 0.631578947368421 360
1762058271948 0.6491228070175439 370
1762058287133 0.6666666666666666 380
1762058302584 0.6842105263157895 390
1762058318084 0.7017543859649122 400
1762058333093 0.7192982456140351 410
1762058348344 0.7368421052631579 420
1762058363627 0.7543859649122807 430
1762058378921 0.7719298245614035 440
1762058394094 0.7894736842105263 450
1762058409294 0.8070175438596491 460
1762058424324 0.8245614035087719 470
1762058439582 0.8421052631578947 480
1762058454724 0.8596491228070176 490
1762058469848 0.8771929824561403 500
1762058485011 0.8947368421052632 510
1762058500188 0.9122807017543859 520
1762058515400 0.9298245614035088 530
1762058530684 0.9473684210526315 540
1762058545983 0.9649122807017544 550
1762058561286 0.9824561403508771 560
1762058576542 1.0 570
1762058577213 1.0 570
