1762057695817 0.7283346056938171 10
1762057712166 nan 20
1762057727691 0.7257353067398071 30
1762057743293 2.37035870552063 40
1762057758766 0.461666077375412 50
1762057774178 1.0406750440597534 60
1762057789660 1.0471147298812866 70
1762057805165 1.2293317317962646 80
1762057820263 0.5266226530075073 90
1762057835544 3.082538604736328 100
1762057850631 1.5483942031860352 110
1762057866229 1.4004961252212524 120
1762057881839 1.2231545448303223 130
1762057897592 1.1537413597106934 140
1762057913399 1.1183329820632935 150
1762057930624 0.971638023853302 160
1762057947057 1.279401421546936 170
1762057963642 0.8888630867004395 180
1762057980052 0.877504289150238 190
1762057996433 1.6919251680374146 200
1762058012989 1.3313398361206055 210
1762058029324 1.0737411975860596 220
1762058045928 1.2133580446243286 230
1762058062687 0.8740888237953186 240
1762058079034 1.2647613286972046 250
1762058095433 1.0397851467132568 260
1762058112184 0.8082323670387268 270
1762058128435 0.9995095729827881 280
1762058145088 1.045501947402954 290
1762058162059 0.7915406227111816 300
1762058179245 0.7903185486793518 310
1762058195695 0.9606154561042786 320
1762058210923 0.7735546827316284 330
1762058226109 1.1296570301055908 340
1762058241409 0.8874523043632507 350
1762058256655 0.9633303880691528 360
1762058271948 0.8813509941101074 370
1762058287133 0.8049717545509338 380
1762058302584 0.8688839077949524 390
1762058318084 1.4783720970153809 400
1762058333093 1.277309775352478 410
1762058348344 1.1994041204452515 420
1762058363627 1.1200997829437256 430
1762058378921 1.1738933324813843 440
1762058394094 1.0289108753204346 450
1762058409294 0.6936889886856079 460
1762058424324 1.0556992292404175 470
1762058439582 0.9570519924163818 480
1762058454724 0.711761474609375 490
1762058469848 1.1430121660232544 500
1762058485011 1.0535199642181396 510
1762058500188 0.6389662623405457 520
1762058515400 0.8896296620368958 530
1762058530684 1.0520647764205933 540
1762058545983 0.9405414462089539 550
1762058561286 1.013458490371704 560
1762058576542 0.6942930817604065 570
