1762057695817 5.517241379310345e-06 10
1762057712166 1.1724137931034483e-05 20
1762057727691 1.7931034482758623e-05 30
1762057743293 1.9991739401801463e-05 40
1762057758766 1.9951312179589632e-05 50
1762057774178 1.987733719790408e-05 60
1762057789660 1.977006384042888e-05 70
1762057805165 1.9645344300952497e-05 80
1762057820263 1.9475892146904498e-05 90
1762057835544 1.9274494964421434e-05 100
1762057850631 1.904183170157715e-05 110
1762057866229 1.8778686710328394e-05 120
1762057881839 1.8485947102315712e-05 130
1762057897592 1.8164599758241942e-05 140
1762057913399 1.7815728000910343e-05 150
1762057930624 1.7440507943138094e-05 160
1762057947057 1.7040204522857068e-05 170
1762057963642 1.661616723876831e-05 180
1762057980052 1.6169825600926153e-05 190
1762057996433 1.570268431158887e-05 200
1762058012989 1.521631819258218e-05 210
1762058029324 1.4712366876276379e-05 220
1762058045928 1.4192529278074863e-05 230
1762058062687 1.3658557869048293e-05 240
1762058079034 1.3112252768022466e-05 250
1762058095433 1.2555455673036571e-05 260
1762058112184 1.1990043652630024e-05 270
1762058128435 1.1417922817888668e-05 280
1762058145088 1.0841021896583003e-05 290
1762058162059 1.0261285731061352e-05 300
1762058179245 9.680668721817652e-06 310
1762058195695 9.101128238836974e-06 320
1762058210923 8.52461802293033e-06 330
1762058226109 7.953081599304074e-06 340
1762058241409 7.3884457255680855e-06 350
1762058256655 6.832613896270667e-06 360
1762058271948 6.287459925857651e-06 370
1762058287133 5.754821631688752e-06 380
1762058302584 5.2364946384069045e-06 390
1762058318084 4.7342263245472855e-06 400
1762058333093 4.249709931793045e-06 410
1762058348344 3.784578856736707e-06 420
1762058363627 3.3404011443906327e-06 430
1762058378921 2.918674202010121e-06 440
1762058394094 2.520819751049708e-06 450
1762058409294 2.1481790342706986e-06 460
1762058424324 1.8020082941576067e-06 470
1762058439582 1.4834745378866245e-06 480
1762058454724 1.1936516031232581e-06 490
1762058469848 9.335165379120226e-07 500
1762058485011 7.039463068622954e-07 510
1762058500188 5.057148347344099e-07 520
1762058515400 3.394903973925978e-07 530
1762058530684 2.0583336892039286e-07 540
1762058545983 1.0519433249338684e-07 550
1762058561286 3.791256137793409e-08 560
1762058576542 4.214875176680178e-09 570
