1762057695817 1.7736 10
1762057712166 1.7508 20
1762057727691 1.5957 30
1762057743293 1.701 40
1762057758766 1.5786 50
1762057774178 1.748 60
1762057789660 1.4396 70
1762057805165 1.4768 80
1762057820263 1.4197 90
1762057835544 1.2766 100
1762057850631 1.2986 110
1762057866229 1.3387 120
1762057881839 1.3782 130
1762057897592 1.2181 140
1762057913399 1.1799 150
1762057930624 1.1288 160
1762057947057 1.0971 170
1762057963642 1.1914 180
1762057980052 1.1927 190
1762057996433 1.2317 200
1762058012989 1.0393 210
1762058029324 1.0145 220
1762058045928 0.9913 230
1762058062687 1.0215 240
1762058079034 1.0226 250
1762058095433 1.0628 260
1762058112184 1.0513 270
1762058128435 0.9481 280
1762058145088 0.9648 290
1762058162059 0.9507 300
1762058179245 0.9374 310
1762058195695 0.8768 320
1762058210923 0.9722 330
1762058226109 1.0499 340
1762058241409 0.8965 350
1762058256655 0.9662 360
1762058271948 0.9432 370
1762058287133 0.91 380
1762058302584 0.9604 390
1762058318084 0.9761 400
1762058333093 0.9018 410
1762058348344 1.0322 420
1762058363627 0.9009 430
1762058378921 0.9148 440
1762058394094 0.9256 450
1762058409294 0.9079 460
1762058424324 1.0215 470
1762058439582 0.952 480
1762058454724 0.827 490
1762058469848 0.8698 500
1762058485011 0.9131 510
1762058500188 0.9208 520
1762058515400 0.9735 530
1762058530684 0.8619 540
1762058545983 0.9234 550
1762058561286 0.9081 560
1762058576542 0.9179 570
