1762057695817 0.6397311851382256 10
1762057712166 0.6435704015195369 20
1762057727691 0.6734021201729774 30
1762057743293 0.6462934173643589 40
1762057758766 0.6665394894778729 50
1762057774178 0.6418948732316494 60
1762057789660 0.6921156980097294 70
1762057805165 0.6767246827483178 80
1762057820263 0.6923743918538093 90
1762057835544 0.7197940170764923 100
1762057850631 0.7136440500617027 110
1762057866229 0.7032661855220794 120
1762057881839 0.6928086966276169 130
1762057897592 0.7217212304472923 140
1762057913399 0.7287797316908836 150
1762057930624 0.7356013521552086 160
1762057947057 0.7403944194316864 170
1762057963642 0.7271984681487084 180
1762057980052 0.7197212666273117 190
1762057996433 0.7119500562548637 200
1762058012989 0.7552973911166191 210
1762058029324 0.7564998582005501 220
1762058045928 0.7587323993444443 230
1762058062687 0.7532497942447662 240
1762058079034 0.751676493883133 250
1762058095433 0.7443285241723061 260
1762058112184 0.7496777698397636 270
1762058128435 0.7727888777852059 280
1762058145088 0.7648448958992958 290
1762058162059 0.7635598182678223 300
1762058179245 0.7672986403107643 310
1762058195695 0.7863098457455635 320
1762058210923 0.7661362037062645 330
1762058226109 0.7459653720259667 340
1762058241409 0.7770773962140083 350
1762058256655 0.7652124509215354 360
1762058271948 0.7690720736980439 370
1762058287133 0.7718158885836601 380
1762058302584 0.7652375921607018 390
1762058318084 0.7623778864741325 400
1762058333093 0.7770271971821785 410
1762058348344 0.7551942944526673 420
1762058363627 0.7780788257718086 430
1762058378921 0.7747601702809334 440
1762058394094 0.7687552645802498 450
1762058409294 0.7760747492313385 460
1762058424324 0.749943096935749 470
1762058439582 0.7653462618589402 480
1762058454724 0.7935394734144211 490
1762058469848 0.7777780890464783 500
1762058485011 0.7745393365621567 510
1762058500188 0.7731877103447914 520
1762058515400 0.7575970828533173 530
1762058530684 0.784138523042202 540
1762058545983 0.772372679412365 550
1762058561286 0.7753124803304672 560
1762058576542 0.7701536923646927 570
