1762057695817 40442.0 10
1762057712166 81153.0 20
1762057727691 121389.0 30
1762057743293 161850.0 40
1762057758766 202149.0 50
1762057774178 242095.0 60
1762057789660 282492.0 70
1762057805165 322969.0 80
1762057820263 363402.0 90
1762057835544 403813.0 100
1762057850631 443766.0 110
1762057866229 484327.0 120
1762057881839 524885.0 130
1762057897592 565539.0 140
1762057913399 605932.0 150
1762057930624 646334.0 160
1762057947057 687048.0 170
1762057963642 727739.0 180
1762057980052 768444.0 190
1762057996433 808932.0 200
1762058012989 849703.0 210
1762058029324 890284.0 220
1762058045928 930613.0 230
1762058062687 971170.0 240
1762058079034 1011699.0 250
1762058095433 1052021.0 260
1762058112184 1092700.0 270
1762058128435 1133101.0 280
1762058145088 1173615.0 290
1762058162059 1214186.0 300
1762058179245 1254800.0 310
1762058195695 1295063.0 320
1762058210923 1335794.0 330
1762058226109 1376429.0 340
1762058241409 1417022.0 350
1762058256655 1457625.0 360
1762058271948 1498375.0 370
1762058287133 1538787.0 380
1762058302584 1579082.0 390
1762058318084 1619651.0 400
1762058333093 1659482.0 410
1762058348344 1700061.0 420
1762058363627 1740684.0 430
1762058378921 1781401.0 440
1762058394094 1821797.0 450
1762058409294 1862149.0 460
1762058424324 1902215.0 470
1762058439582 1942958.0 480
1762058454724 1983539.0 490
1762058469848 2023998.0 500
1762058485011 2064509.0 510
1762058500188 2105094.0 520
1762058515400 2145573.0 530
1762058530684 2186218.0 540
1762058545983 2226821.0 550
1762058561286 2267582.0 560
1762058576542 2308190.0 570
